# token followed by a frozen 8-dimensional embedding
animal 0.80 0.70 0.20 0.10 0.00 0.10 0.20 0.30
cat 0.85 0.75 0.30 0.20 0.10 0.10 0.25 0.35
dog 0.82 0.72 0.25 0.22 0.15 0.12 0.28 0.33
pet 0.78 0.68 0.32 0.28 0.22 0.18 0.30 0.38
mouse 0.72 0.62 0.18 0.30 0.05 0.15 0.24 0.29
runs 0.10 0.20 0.85 0.65 0.40 0.30 0.20 0.15
sleeps 0.12 0.25 0.30 0.82 0.68 0.45 0.18 0.12
chases 0.15 0.22 0.78 0.72 0.52 0.36 0.25 0.18
is 0.25 0.25 0.25 0.25 0.25 0.25 0.25 0.25
a 0.20 0.20 0.20 0.20 0.20 0.20 0.20 0.20
the 0.18 0.18 0.18 0.18 0.18 0.18 0.18 0.18
friend 0.60 0.65 0.40 0.35 0.30 0.45 0.55 0.62
